{
    "camera_angle_x": 0.8097835779190063,
    "frames": [
        {
            "file_path": "wb_train_200/r_0.exr",
            "transform_matrix": [
                [
                    -0.9072327017784119,
                    0.12652991712093353,
                    -0.40114709734916687,
                    -1.805161952972412
                ],
                [
                    -0.4206290543079376,
                    -0.27290573716163635,
                    0.8652130961418152,
                    3.893458843231201
                ],
                [
                    0.0,
                    0.9536836743354797,
                    0.30081117153167725,
                    1.3536502122879028
                ],
                [
                    0.0,
                    0.0,
                    0.0,
                    1.0
                ]
            ],
            "hdri_path": "lythwood_terrace-aba576b2cce2de74844ca4a112ec8658977d40c4.hdr"
        },
        {
            "file_path": "wb_train_200/r_1.exr",
            "transform_matrix": [
                [
                    -0.9891493320465088,
                    0.02495116926729679,
                    -0.14477939903736115,
                    -0.6515073180198669
                ],
                [
                    -0.14691370725631714,
                    -0.1679927110671997,
                    0.9747793674468994,
                    4.386507034301758
                ],
                [
                    0.0,
                    0.985472559928894,
                    0.16983552277088165,
                    0.7642598152160645
                ],
                [
                    0.0,
                    0.0,
                    0.0,
                    1.0
                ]
            ],
            "hdri_path": "delta_2-4ab5a4a3c09f33b1a8cd682c28fbb2b76289fc97.hdr"
        },
        {
            "file_path": "wb_train_200/r_2.exr",
            "transform_matrix": [
                [
                    -0.9952268004417419,
                    0.004251519218087196,
                    -0.09749674052000046,
                    -0.43873533606529236
                ],
                [
                    -0.0975894033908844,
                    -0.04335743561387062,
                    0.9942818880081177,
                    4.474268436431885
                ],
                [
                    -4.656612873077393e-10,
                    0.9990507364273071,
                    0.043565381318330765,
                    0.1960442066192627
                ],
                [
                    0.0,
                    0.0,
                    0.0,
                    1.0
                ]
            ],
            "hdri_path": "umhlanga_sunrise-1f315842ff0d14173919db1e6205de0ca1760733.hdr"
        },
        {
            "file_path": "wb_train_200/r_3.exr",
            "transform_matrix": [
                [
                    0.6927502751350403,
                    -0.211409792304039,
                    0.6894947290420532,
                    3.1027262210845947
                ],
                [
                    0.7211775779724121,
                    0.20307646691799164,
                    -0.6623163223266602,
                    -2.9804234504699707
                ],
                [
                    1.4901161193847656e-08,
                    0.9560678601264954,
                    0.2931452989578247,
                    1.3191537857055664
                ],
                [
                    0.0,
                    0.0,
                    0.0,
                    1.0
                ]
            ],
            "hdri_path": "preller_drive-cd392b1bde4ca614b89266be86a31977d32ae9cc.hdr"
        },
        {
            "file_path": "wb_train_200/r_4.exr",
            "transform_matrix": [
                [
                    0.6370499730110168,
                    0.19224336743354797,
                    0.7464649081230164,
                    3.3590919971466064
                ],
                [
                    0.7708224654197693,
                    -0.15888045728206635,
                    -0.6169195175170898,
                    -2.7761378288269043
                ],
                [
                    7.4505797087454084e-09,
                    0.9684006571769714,
                    -0.24940024316310883,
                    -1.1223011016845703
                ],
                [
                    0.0,
                    0.0,
                    0.0,
                    1.0
                ]
            ],
            "hdri_path": "pool-65c97ac1eea7ea5d744d320fce1e27d9bda38eb0.hdr"
        },
        {
            "file_path": "wb_train_200/r_5.exr",
            "transform_matrix": [
                [
                    -0.6797592639923096,
                    -0.04743563383817673,
                    -0.7318997383117676,
                    -3.293548822402954
                ],
                [
                    -0.733435332775116,
                    0.04396407678723335,
                    0.6783360242843628,
                    3.0525121688842773
                ],
                [
                    -3.725290298461914e-09,
                    0.9979064464569092,
                    -0.0646759495139122,
                    -0.291041761636734
                ],
                [
                    0.0,
                    0.0,
                    0.0,
                    1.0
                ]
            ],
            "hdri_path": "georgentor-cb5adb7ef4dabc3679a658d4c55d177daedbf55f.hdr"
        },
        {
            "file_path": "wb_train_200/r_6.exr",
            "transform_matrix": [
                [
                    0.6388673186302185,
                    0.29730692505836487,
                    0.7095471620559692,
                    3.192962169647217
                ],
                [
                    0.7693170309066772,
                    -0.24689388275146484,
                    -0.5892323851585388,
                    -2.651545763015747
                ],
                [
                    -1.4901162970204496e-08,
                    0.9223079085350037,
                    -0.3864556849002838,
                    -1.7390505075454712
                ],
                [
                    0.0,
                    0.0,
                    0.0,
                    1.0
                ]
            ],
            "hdri_path": "cloud_layers-609dd9b10055196da15838ef1e2ff0316bade143.hdr"
        },
        {
            "file_path": "wb_train_200/r_7.exr",
            "transform_matrix": [
                [
                    -0.9446430206298828,
                    0.05586075410246849,
                    0.32330939173698425,
                    1.4548923969268799
                ],
                [
                    0.32809963822364807,
                    0.16083061695098877,
                    0.9308512210845947,
                    4.188830852508545
                ],
                [
                    3.7252896323280993e-09,
                    0.9854003190994263,
                    -0.17025534808635712,
                    -0.76614910364151
                ],
                [
                    0.0,
                    0.0,
                    0.0,
                    1.0
                ]
            ],
            "hdri_path": "future_parking_2k.hdr"
        },
        {
            "file_path": "wb_train_200/r_8.exr",
            "transform_matrix": [
                [
                    0.6200470328330994,
                    0.019880585372447968,
                    -0.7843127250671387,
                    -3.529407501220703
                ],
                [
                    -0.7845649123191833,
                    0.015711763873696327,
                    -0.6198477745056152,
                    -2.7893152236938477
                ],
                [
                    -9.313227966600834e-10,
                    0.9996788501739502,
                    0.025339635089039803,
                    0.11402836441993713
                ],
                [
                    0.0,
                    0.0,
                    0.0,
                    1.0
                ]
            ],
            "hdri_path": "potsdamer_platz-752820c5b062d2a98c3a785a97ac34dc81e80ee9.hdr"
        },
        {
            "file_path": "wb_train_200/r_9.exr",
            "transform_matrix": [
                [
                    -0.9505655765533447,
                    -0.24951998889446259,
                    -0.1848377138376236,
                    -0.8317697048187256
                ],
                [
                    -0.310524046421051,
                    0.763822078704834,
                    0.5658189058303833,
                    2.54618501663208
                ],
                [
                    0.0,
                    0.5952446460723877,
                    -0.8035446405410767,
                    -3.6159508228302
                ],
                [
                    0.0,
                    0.0,
                    0.0,
                    1.0
                ]
            ],
            "hdri_path": "snowy_forest_path_01-8320b340b0de985d9609f286ca6ef51375e71e74.hdr"
        },
        {
            "file_path": "wb_train_200/r_10.exr",
            "transform_matrix": [
                [
                    0.9984619617462158,
                    0.009515718556940556,
                    -0.054618485271930695,
                    -0.24578317999839783
                ],
                [
                    -0.05544120445847511,
                    0.1713722199201584,
                    -0.9836452603340149,
                    -4.426403522491455
                ],
                [
                    -9.313224635931761e-10,
                    0.9851605296134949,
                    0.1716361790895462,
                    0.7723627686500549
                ],
                [
                    0.0,
                    0.0,
                    0.0,
                    1.0
                ]
            ],
            "hdri_path": "pond_bridge_night-cf0e87c30ef33726129c46a8a8139e5dd01a114e.hdr"
        },
        {
            "file_path": "wb_train_200/r_11.exr",
            "transform_matrix": [
                [
                    -0.5413951873779297,
                    0.11630429327487946,
                    0.832685112953186,
                    3.7470829486846924
                ],
                [
                    0.8407680988311768,
                    0.07489173859357834,
                    0.5361903309822083,
                    2.4128565788269043
                ],
                [
                    0.0,
                    0.9903862476348877,
                    -0.13833095133304596,
                    -0.6224892735481262
                ],
                [
                    0.0,
                    0.0,
                    0.0,
                    1.0
                ]
            ],
            "hdri_path": "construction_yard_2k.hdr"
        },
        {
            "file_path": "wb_train_200/r_12.exr",
            "transform_matrix": [
                [
                    -0.9998766779899597,
                    0.0031189844012260437,
                    -0.015393484383821487,
                    -0.06927067786455154
                ],
                [
                    -0.01570628583431244,
                    -0.19855740666389465,
                    0.9799634218215942,
                    4.409835338592529
                ],
                [
                    2.3283064365386963e-10,
                    0.9800844192504883,
                    0.19858187437057495,
                    0.8936184048652649
                ],
                [
                    0.0,
                    0.0,
                    0.0,
                    1.0
                ]
            ],
            "hdri_path": "gamrig_2k.hdr"
        },
        {
            "file_path": "wb_train_200/r_13.exr",
            "transform_matrix": [
                [
                    -0.7232373952865601,
                    -0.38551557064056396,
                    0.5729795098304749,
                    2.5784077644348145
                ],
                [
                    0.6905995607376099,
                    -0.40373510122299194,
                    0.6000586152076721,
                    2.700263738632202
                ],
                [
                    0.0,
                    0.829684317111969,
                    0.5582330822944641,
                    2.5120487213134766
                ],
                [
                    0.0,
                    0.0,
                    0.0,
                    1.0
                ]
            ],
            "hdri_path": "champagne_castle_1-09412db4e53464441386414a071412454b13a89a.hdr"
        },
        {
            "file_path": "wb_train_200/r_14.exr",
            "transform_matrix": [
                [
                    0.61155104637146,
                    -0.0765150710940361,
                    -0.7874965071678162,
                    -3.543734312057495
                ],
                [
                    -0.7912049889564514,
                    -0.05914127826690674,
                    -0.6086846590042114,
                    -2.7390809059143066
                ],
                [
                    0.0,
                    0.9953130483627319,
                    -0.09670699387788773,
                    -0.43518146872520447
                ],
                [
                    0.0,
                    0.0,
                    0.0,
                    1.0
                ]
            ],
            "hdri_path": "blue_lagoon_night-4b232b993732bed1bfc94d3b3d8403dca296ca37.hdr"
        },
        {
            "file_path": "wb_train_200/r_15.exr",
            "transform_matrix": [
                [
                    -0.47918403148651123,
                    -0.6291026473045349,
                    0.6120560169219971,
                    2.7542519569396973
                ],
                [
                    0.8777144551277161,
                    -0.34345561265945435,
                    0.3341490626335144,
                    1.5036708116531372
                ],
                [
                    1.4901161193847656e-08,
                    0.6973292231559753,
                    0.7167509198188782,
                    3.22537899017334
                ],
                [
                    0.0,
                    0.0,
                    0.0,
                    1.0
                ]
            ],
            "hdri_path": "mud_road-89be5c59b99b163de14bc4de8ae079113a0e0861.hdr"
        },
        {
            "file_path": "wb_train_200/r_16.exr",
            "transform_matrix": [
                [
                    0.3024960160255432,
                    0.371486097574234,
                    -0.8777780532836914,
                    -3.9500012397766113
                ],
                [
                    -0.9531506896018982,
                    0.11789644509553909,
                    -0.27857545018196106,
                    -1.2535895109176636
                ],
                [
                    0.0,
                    0.9209227561950684,
                    0.3897453844547272,
                    1.7538541555404663
                ],
                [
                    0.0,
                    0.0,
                    0.0,
                    1.0
                ]
            ],
            "hdri_path": "crystal_falls-a5a033d4865c273ab36e0af2362649a230593310.hdr"
        },
        {
            "file_path": "wb_train_200/r_17.exr",
            "transform_matrix": [
                [
                    0.7616879343986511,
                    0.29627808928489685,
                    0.5762383937835693,
                    2.5930726528167725
                ],
                [
                    0.6479438543319702,
                    -0.3482885956764221,
                    -0.6773948669433594,
                    -3.048276901245117
                ],
                [
                    0.0,
                    0.8893338441848755,
                    -0.45725876092910767,
                    -2.057664394378662
                ],
                [
                    0.0,
                    0.0,
                    0.0,
                    1.0
                ]
            ],
            "hdri_path": "cambridge_2k.hdr"
        },
        {
            "file_path": "wb_train_200/r_18.exr",
            "transform_matrix": [
                [
                    -0.9613025784492493,
                    0.18630731105804443,
                    0.2029455453157425,
                    0.913254976272583
                ],
                [
                    0.27549466490745544,
                    0.6500949859619141,
                    0.7081519365310669,
                    3.1866836547851562
                ],
                [
                    0.0,
                    0.7366586923599243,
                    -0.6762647032737732,
                    -3.0431911945343018
                ],
                [
                    0.0,
                    0.0,
                    0.0,
                    1.0
                ]
            ],
            "hdri_path": "studio_small_04-a836f799937f37f6088b6545dc4d4f6b528c5222.hdr"
        },
        {
            "file_path": "wb_train_200/r_19.exr",
            "transform_matrix": [
                [
                    0.8548828363418579,
                    -0.0571383573114872,
                    0.5156651735305786,
                    2.320493221282959
                ],
                [
                    0.518821120262146,
                    0.09414921700954437,
                    -0.849682629108429,
                    -3.8235719203948975
                ],
                [
                    -3.725290298461914e-09,
                    0.9939172267913818,
                    0.11013111472129822,
                    0.4955900013446808
                ],
                [
                    0.0,
                    0.0,
                    0.0,
                    1.0
                ]
            ],
            "hdri_path": "noga-65adb1b1f2df6a629dde6b0c795379aa2e27d954.hdr"
        },
        {
            "file_path": "wb_train_200/r_20.exr",
            "transform_matrix": [
                [
                    -0.29484403133392334,
                    -0.5309430956840515,
                    0.7944599390029907,
                    3.5750696659088135
                ],
                [
                    0.9555454850196838,
                    -0.1638283133506775,
                    0.24513931572437286,
                    1.103126883506775
                ],
                [
                    1.4901161193847656e-08,
                    0.8314205408096313,
                    0.5556439161300659,
                    2.5003976821899414
                ],
                [
                    0.0,
                    0.0,
                    0.0,
                    1.0
                ]
            ],
            "hdri_path": "courtyard_night-14353bfcd8a49ed103a363e1efa40a6005523f52.hdr"
        },
        {
            "file_path": "wb_train_200/r_21.exr",
            "transform_matrix": [
                [
                    -0.31202763319015503,
                    -0.5400448441505432,
                    0.7816587090492249,
                    3.5174641609191895
                ],
                [
                    0.9500730037689209,
                    -0.17736417055130005,
                    0.25671619176864624,
                    1.1552228927612305
                ],
                [
                    0.0,
                    0.8227355480194092,
                    0.5684245228767395,
                    2.557910442352295
                ],
                [
                    0.0,
                    0.0,
                    0.0,
                    1.0
                ]
            ],
            "hdri_path": "fish_hoek_beach-59078e4e377a105363a5070a1734106c36cbd593.hdr"
        },
        {
            "file_path": "wb_train_200/r_22.exr",
            "transform_matrix": [
                [
                    0.07098184525966644,
                    -0.522903561592102,
                    0.8494313359260559,
                    3.8224408626556396
                ],
                [
                    0.997477650642395,
                    0.03721051663160324,
                    -0.06044666841626167,
                    -0.2720099985599518
                ],
                [
                    -3.725290298461914e-09,
                    0.8515794277191162,
                    0.5242258310317993,
                    2.359016180038452
                ],
                [
                    0.0,
                    0.0,
                    0.0,
                    1.0
                ]
            ],
            "hdri_path": "sterkspruit_falls-5b147779c117bde7a8fb129e796ec5b5d3e5d7b3.hdr"
        },
        {
            "file_path": "wb_train_200/r_23.exr",
            "transform_matrix": [
                [
                    -0.8760155439376831,
                    -0.06705532222986221,
                    0.4775985777378082,
                    2.149193525314331
                ],
                [
                    0.48228293657302856,
                    -0.12179885804653168,
                    0.8675069212913513,
                    3.9037811756134033
                ],
                [
                    7.450580596923828e-09,
                    0.9902873039245605,
                    0.13903729617595673,
                    0.6256678104400635
                ],
                [
                    0.0,
                    0.0,
                    0.0,
                    1.0
                ]
            ],
            "hdri_path": "dresden_station_night-894b84688ad136da8f493f536cb43e777398d9a7.hdr"
        },
        {
            "file_path": "wb_train_200/r_24.exr",
            "transform_matrix": [
                [
                    0.6053184270858765,
                    0.48323848843574524,
                    0.6325110197067261,
                    2.846299648284912
                ],
                [
                    0.7959834337234497,
                    -0.36748647689819336,
                    -0.4810032248497009,
                    -2.1645145416259766
                ],
                [
                    -2.9802322387695312e-08,
                    0.7946285009384155,
                    -0.6070961356163025,
                    -2.7319326400756836
                ],
                [
                    0.0,
                    0.0,
                    0.0,
                    1.0
                ]
            ],
            "hdri_path": "venice_dawn_1-3526f0199455becda70adeede4f290e7bae3ffcd.hdr"
        },
        {
            "file_path": "wb_train_200/r_25.exr",
            "transform_matrix": [
                [
                    -0.2823387086391449,
                    -0.5201367735862732,
                    0.8060661554336548,
                    3.6272976398468018
                ],
                [
                    0.9593150019645691,
                    -0.1530829221010208,
                    0.23723560571670532,
                    1.0675601959228516
                ],
                [
                    0.0,
                    0.8402521014213562,
                    0.5421960949897766,
                    2.439882516860962
                ],
                [
                    0.0,
                    0.0,
                    0.0,
                    1.0
                ]
            ],
            "hdri_path": "skukuza_golf-2ad3193131d3608f1d0fb5d2c4e2a8e345f29349.hdr"
        },
        {
            "file_path": "wb_train_200/r_26.exr",
            "transform_matrix": [
                [
                    0.9895474910736084,
                    -0.08457028865814209,
                    -0.1168062686920166,
                    -0.5256282091140747
                ],
                [
                    -0.14420762658119202,
                    -0.5803182721138,
                    -0.8015204071998596,
                    -3.606841802597046
                ],
                [
                    0.0,
                    0.8099870085716248,
                    -0.586448073387146,
                    -2.6390163898468018
                ],
                [
                    0.0,
                    0.0,
                    0.0,
                    1.0
                ]
            ],
            "hdri_path": "garage-f8da74c04f05d9b5a233ee5bb30d446dda3238f2.hdr"
        },
        {
            "file_path": "wb_train_200/r_27.exr",
            "transform_matrix": [
                [
                    -0.893609344959259,
                    -0.3065590262413025,
                    0.3278474807739258,
                    1.475313663482666
                ],
                [
                    0.44884562492370605,
                    -0.6103301644325256,
                    0.652713418006897,
                    2.9372103214263916
                ],
                [
                    1.4901161193847656e-08,
                    0.7304237484931946,
                    0.6829943060874939,
                    3.073474407196045
                ],
                [
                    0.0,
                    0.0,
                    0.0,
                    1.0
                ]
            ],
            "hdri_path": "snowy_park_01_2k.hdr"
        },
        {
            "file_path": "wb_train_200/r_28.exr",
            "transform_matrix": [
                [
                    0.8909286856651306,
                    -0.3679035007953644,
                    0.2662575840950012,
                    1.198159098625183
                ],
                [
                    0.454143226146698,
                    0.7217453718185425,
                    -0.5223385691642761,
                    -2.3505234718322754
                ],
                [
                    1.4901161193847656e-08,
                    0.586285412311554,
                    0.8101045489311218,
                    3.645470380783081
                ],
                [
                    0.0,
                    0.0,
                    0.0,
                    1.0
                ]
            ],
            "hdri_path": "studio_small_07-4560dbc07f1d8780c6ec8c4998c0020896be2a34.hdr"
        },
        {
            "file_path": "wb_train_200/r_29.exr",
            "transform_matrix": [
                [
                    -0.45806747674942017,
                    -0.12075658142566681,
                    -0.8806770443916321,
                    -3.9630467891693115
                ],
                [
                    -0.8889175057411194,
                    0.06222699210047722,
                    0.4538210928440094,
                    2.0421948432922363
                ],
                [
                    0.0,
                    0.990729808807373,
                    -0.1358467936515808,
                    -0.6113105416297913
                ],
                [
                    0.0,
                    0.0,
                    0.0,
                    1.0
                ]
            ],
            "hdri_path": "bell_park_dawn-302ffd6e716dad38637c74f0a2c19959acc9a7f8.hdr"
        },
        {
            "file_path": "wb_train_200/r_30.exr",
            "transform_matrix": [
                [
                    0.725351095199585,
                    0.3712853193283081,
                    -0.5796663165092468,
                    -2.6084983348846436
                ],
                [
                    -0.6883791089057922,
                    0.3912266194820404,
                    -0.6107994914054871,
                    -2.7485976219177246
                ],
                [
                    0.0,
                    0.8420743942260742,
                    0.5393616557121277,
                    2.4271273612976074
                ],
                [
                    0.0,
                    0.0,
                    0.0,
                    1.0
                ]
            ],
            "hdri_path": "colosseum-9944f19143e4bcff80df035a43a794bb63b1efbb.hdr"
        },
        {
            "file_path": "wb_train_200/r_31.exr",
            "transform_matrix": [
                [
                    0.3897888958454132,
                    -0.6878092288970947,
                    -0.612358808517456,
                    -2.7556145191192627
                ],
                [
                    -0.9209045171737671,
                    -0.2911272346973419,
                    -0.25919151306152344,
                    -1.1663618087768555
                ],
                [
                    0.0,
                    0.6649538278579712,
                    -0.7468845248222351,
                    -3.360980272293091
                ],
                [
                    0.0,
                    0.0,
                    0.0,
                    1.0
                ]
            ],
            "hdri_path": "the_sky_is_on_fire-06ef9758db4fda63736ff9a93cfeb065c38b9263.hdr"
        },
        {
            "file_path": "wb_train_200/r_32.exr",
            "transform_matrix": [
                [
                    0.1391097456216812,
                    -0.8589070439338684,
                    -0.4928763210773468,
                    -2.2179434299468994
                ],
                [
                    -0.9902769923210144,
                    -0.12065546959638596,
                    -0.06923709064722061,
                    -0.31156688928604126
                ],
                [
                    0.0,
                    0.4977155923843384,
                    -0.8673402667045593,
                    -3.90303111076355
                ],
                [
                    0.0,
                    0.0,
                    0.0,
                    1.0
                ]
            ],
            "hdri_path": "neuer_zollhof-085d069a88c9f92e9bd421136c0065c3aa4becf2.hdr"
        },
        {
            "file_path": "wb_train_200/r_33.exr",
            "transform_matrix": [
                [
                    -0.2902814447879791,
                    0.5869044661521912,
                    -0.7558306455612183,
                    -3.401237964630127
                ],
                [
                    -0.9569413661956787,
                    -0.17803335189819336,
                    0.2292759120464325,
                    1.0317416191101074
                ],
                [
                    -1.4901161193847656e-08,
                    0.7898402214050293,
                    0.613312840461731,
                    2.7599077224731445
                ],
                [
                    0.0,
                    0.0,
                    0.0,
                    1.0
                ]
            ],
            "hdri_path": "emmarentia-f782e4cc722cecbeb77b6457289e9db23047d1fa.hdr"
        },
        {
            "file_path": "wb_train_200/r_34.exr",
            "transform_matrix": [
                [
                    -0.7125017642974854,
                    0.4244522452354431,
                    -0.5587321519851685,
                    -2.5142946243286133
                ],
                [
                    -0.7016704082489014,
                    -0.4310043156147003,
                    0.567357063293457,
                    2.5531067848205566
                ],
                [
                    1.4901162970204496e-08,
                    0.796288788318634,
                    0.6049168109893799,
                    2.72212553024292
                ],
                [
                    0.0,
                    0.0,
                    0.0,
                    1.0
                ]
            ],
            "hdri_path": "cloudy_cliffside_road-5bd3035f2a495c9345abfa7879c7e320da7c378d.hdr"
        },
        {
            "file_path": "wb_train_200/r_35.exr",
            "transform_matrix": [
                [
                    0.28861725330352783,
                    0.48542535305023193,
                    0.8252650499343872,
                    3.7136926651000977
                ],
                [
                    0.9574445486068726,
                    -0.14632922410964966,
                    -0.24877233803272247,
                    -1.1194754838943481
                ],
                [
                    -7.450580596923828e-09,
                    0.861945629119873,
                    -0.5070009231567383,
                    -2.2815041542053223
                ],
                [
                    0.0,
                    0.0,
                    0.0,
                    1.0
                ]
            ],
            "hdri_path": "bathroom-4221b5d98110ba4a7e40373baf4f527caa9fe38f.hdr"
        },
        {
            "file_path": "wb_train_200/r_36.exr",
            "transform_matrix": [
                [
                    -0.6924483776092529,
                    -0.3063945174217224,
                    -0.6531751155853271,
                    -2.9392879009246826
                ],
                [
                    -0.7214674949645996,
                    0.29407060146331787,
                    0.6269028782844543,
                    2.8210630416870117
                ],
                [
                    -1.4901161193847656e-08,
                    0.9053426384925842,
                    -0.42468228936195374,
                    -1.9110703468322754
                ],
                [
                    0.0,
                    0.0,
                    0.0,
                    1.0
                ]
            ],
            "hdri_path": "floral_tent-cee2d8bfe6b771a8cd8e2d7ce9c2b98c2e581438.hdr"
        },
        {
            "file_path": "wb_train_200/r_37.exr",
            "transform_matrix": [
                [
                    -0.1899874210357666,
                    0.5462474822998047,
                    -0.8157932162284851,
                    -3.671069383621216
                ],
                [
                    -0.9817866086959839,
                    -0.1057053953409195,
                    0.1578657031059265,
                    0.7103956341743469
                ],
                [
                    0.0,
                    0.8309273719787598,
                    0.5563810467720032,
                    2.5037147998809814
                ],
                [
                    0.0,
                    0.0,
                    0.0,
                    1.0
                ]
            ],
            "hdri_path": "cliffside-4e422c1da38107bdb034ced344a43a385fcfc4b5.hdr"
        },
        {
            "file_path": "wb_train_200/r_38.exr",
            "transform_matrix": [
                [
                    0.6675496101379395,
                    -0.2829791307449341,
                    0.6886946558952332,
                    3.099125862121582
                ],
                [
                    0.7445653080940247,
                    0.2537086009979248,
                    -0.6174581050872803,
                    -2.7785613536834717
                ],
                [
                    0.0,
                    0.9249622225761414,
                    0.38005945086479187,
                    1.7102675437927246
                ],
                [
                    0.0,
                    0.0,
                    0.0,
                    1.0
                ]
            ],
            "hdri_path": "lakeside_2k.hdr"
        },
        {
            "file_path": "wb_train_200/r_39.exr",
            "transform_matrix": [
                [
                    0.2569468319416046,
                    0.38404157757759094,
                    -0.8868429660797119,
                    -3.990793228149414
                ],
                [
                    -0.9664255976676941,
                    0.10210642218589783,
                    -0.23578792810440063,
                    -1.0610456466674805
                ],
                [
                    0.0,
                    0.9176527261734009,
                    0.397383451461792,
                    1.788225531578064
                ],
                [
                    0.0,
                    0.0,
                    0.0,
                    1.0
                ]
            ],
            "hdri_path": "dusseldorf_bridge-1491fc6c1f09f7f285cd017c9de0e4a749e8ea7a.hdr"
        },
        {
            "file_path": "wb_train_200/r_40.exr",
            "transform_matrix": [
                [
                    0.6403721570968628,
                    0.24291163682937622,
                    -0.7286408543586731,
                    -3.278883695602417
                ],
                [
                    -0.7680647969245911,
                    0.2025269865989685,
                    -0.6075025200843811,
                    -2.7337613105773926
                ],
                [
                    0.0,
                    0.9486711621284485,
                    0.31626448035240173,
                    1.4231901168823242
                ],
                [
                    0.0,
                    0.0,
                    0.0,
                    1.0
                ]
            ],
            "hdri_path": "pink_sunrise-a0625351b56a6bcbdcef69b7f19a7697a1f7e17d.hdr"
        },
        {
            "file_path": "wb_train_200/r_41.exr",
            "transform_matrix": [
                [
                    0.9974175095558167,
                    0.05712959170341492,
                    -0.04352785646915436,
                    -0.195875346660614
                ],
                [
                    -0.07182244956493378,
                    0.7933739423751831,
                    -0.6044829487800598,
                    -2.7201731204986572
                ],
                [
                    3.725290298461914e-09,
                    0.6060481071472168,
                    0.7954280376434326,
                    3.5794260501861572
                ],
                [
                    0.0,
                    0.0,
                    0.0,
                    1.0
                ]
            ],
            "hdri_path": "autumn_crossing-ad057cdb845719ebc77596c5e4f7bd3c3dd9883b.hdr"
        },
        {
            "file_path": "wb_train_200/r_42.exr",
            "transform_matrix": [
                [
                    0.6572917699813843,
                    0.06961773335933685,
                    0.7504138946533203,
                    3.3768625259399414
                ],
                [
                    0.7536364793777466,
                    -0.06071782112121582,
                    -0.6544812321662903,
                    -2.9451656341552734
                ],
                [
                    -7.450582373280668e-09,
                    0.9957243204116821,
                    -0.0923757553100586,
                    -0.41569089889526367
                ],
                [
                    0.0,
                    0.0,
                    0.0,
                    1.0
                ]
            ],
            "hdri_path": "rustig_koppie-6c0a291b1b90a2c8394430c6f9eb35b5ebeccd68.hdr"
        },
        {
            "file_path": "wb_train_200/r_43.exr",
            "transform_matrix": [
                [
                    -0.9329816102981567,
                    0.09820079058408737,
